25,2
26,2
25,5
25,6
26,5
40,35
26,4
26,1
26,3
25,4
25,1
25,3
14,4
10,287
10,75
10,305
10,97
10,253
10,193
10,271
10,169
11,13
11,19
11,9
11,11
11,25
11,27
11,5
9,5
8,10
8,4
8,18
8,9
8,5
12,2
12,1
12,3
20,2
20,1
20,3
19,2
19,1
19,3
18,1
18,3
14,1
14,5
14,3
13,1
13,3
36,10
36,9
36,8
36,7
36,6
36,5
36,4
36,3
36,2
36,1
36,0
35,7
35,6
35,5
35,4
35,3
35,2
35,1
35,0
34,29
34,28
34,27
34,26
34,25
34,24
34,23
34,22
34,21
34,20
34,19
34,18
34,17
34,16
34,15
34,14
34,13
34,12
34,11
34,10
34,9
34,8
34,7
34,6
34,5
34,4
34,3
34,1
32,5
32,4
32,3
32,1
31,4
31,3
31,1
30,4
30,3
30,2
30,1
29,5
29,4
29,3
29,2
29,1
28,5
28,4
28,3
28,2
28,1
27,4
27,1
27,3
11,28
